0, 1, 2, 3, 4, 5, 6, 7, 8, 9, 10, 11, 12, 13, 14, 15, 16, 17, 18, 19, 20, 21, 22, 23, 24, 25, 26, 27, 28, 29, 30, 31, 32, 33, 34, 35, 36, 37, 38, 39, 40, 41, 42, 43, 44, 45, 46, 47, 48, 49, 50, 51, 52, 53, 54, 55, 56, 57, 58, 59, 60, 61, 62, 63, 64, 65, 66, 67, 68, 69, 70, 71, 72, 73, 74, 75, 76, 77, 78, 79, 80, 81, 82, 83, 84, 85, 86, 87, 88, 89, 90, 91, 92, 93, 94, 95, 96, 97, 98, 99
5424, 71, 60, 29, 93, 97, 78, 63, 88, 43, 98, 72, 47, 66, 42, 77, 1, 105, 35, 30, 41, 25, 67, 68, 88, 12, 67, 6, 100, 83, 103, 32, 48, 34, 37, 36, 2, 9, 75, 90, 29, 67, 33, 75, 4, 75, 46, 4, 74, 81, 11, 10, 82, 54, 54, 41, 42, 97, 47, 36, 75, 44, 45, 99, 77, 81, 29, 56, 90, 80, 40, 95, 18, 72, 64, 22, 18, 86, 25, 92, 38, 12, 78, 14, 66, 3, 55, 2, 99, 101, 15, 68, 16, 59, 39, 69, 34, 67, 19, 100
42, 5242, 89, 59, 84, 24, 57, 101, 5, 59, 64, 19, 70, 13, 33, 7, 15, 64, 91, 9, 36, 105, 53, 51, 35, 91, 96, 45, 30, 92, 40, 48, 103, 105, 83, 58, 1, 35, 54, 87, 93, 94, 105, 34, 2, 9, 41, 98, 72, 26, 1, 2, 2, 31, 29, 36, 16, 102, 80, 22, 88, 96, 69, 62, 73, 24, 15, 73, 58, 45, 31, 22, 33, 30, 55, 11, 39, 72, 4, 87, 97, 86, 89, 75, 11, 94, 5, 27, 90, 62, 25, 49, 29, 94, 6, 101, 12, 102, 45, 46
41, 75, 5922, 73, 82, 98, 61, 97, 65, 64, 78, 33, 44, 38, 85, 55, 27, 66, 58, 93, 22, 82, 14, 28, 47, 101, 105, 35, 97, 45, 80, 32, 96, 18, 81, 49, 93, 36, 40, 29, 76, 95, 38, 15, 27, 17, 46, 30, 83, 103, 18, 81, 56, 31, 3, 80, 26, 3, 9, 99, 24, 66, 25, 96, 60, 82, 40, 47, 13, 56, 75, 65, 45, 90, 79, 72, 1, 101, 101, 83, 75, 95, 59, 26, 102, 38, 105, 104, 17, 90, 97, 40, 50, 98, 8, 87, 75, 47, 28, 64
79, 80, 23, 5029, 64, 79, 67, 64, 74, 39, 19, 44, 29, 54, 46, 25, 68, 22, 24, 85, 6, 97, 19, 33, 90, 26, 14, 59, 49, 18, 99, 23, 97, 16, 18, 32, 71, 84, 73, 40, 17, 91, 60, 22, 16, 105, 24, 83, 21, 24, 62, 3, 15, 58, 35, 104, 60, 48, 34, 4, 66, 27, 3, 34, 20, 102, 66, 90, 80, 33, 1, 73, 100, 60, 95, 10, 36, 95, 69, 56, 13, 26, 59, 27, 60, 70, 3, 14, 13, 36, 99, 55, 40, 101, 88, 36, 97, 25, 102, 48
57, 103, 16, 28, 5055, 87, 37, 70, 76, 1, 102, 88, 3, 55, 91, 62, 20, 93, 75, 9, 1, 69, 63, 17, 41, 22, 52, 10, 47, 48, 34, 80, 22, 26, 3, 56, 7, 16, 102, 59, 98, 98, 18, 77, 25, 86, 33, 21, 73, 85, 6, 50, 25, 45, 66, 42, 66, 94, 28, 89, 14, 62, 41, 35, 87, 43, 67, 71, 35, 63, 1, 5, 33, 19, 81, 34, 104, 9, 54, 48, 70, 59, 98, 94, 103, 35, 7, 40, 1, 35, 24, 14, 96, 64, 25, 54, 83, 92, 19, 94
26, 20, 98, 35, 15, 5460, 68, 95, 59, 98, 37, 23, 28, 6, 93, 2, 18, 76, 42, 18, 5, 42, 8, 77, 82, 32, 3, 36, 100, 21, 24, 21, 17, 17, 32, 8, 67, 100, 102, 20, 69, 11, 19, 97, 16, 88, 98, 10, 58, 11, 27, 40, 52, 34, 93, 5, 43, 95, 40, 37, 93, 41, 57, 86, 34, 66, 94, 100, 60, 67, 96, 105, 77, 91, 96, 70, 50, 89, 79, 84, 76, 83, 18, 23, 93, 6, 4, 30, 77, 44, 67, 64, 84, 100, 45, 94, 60, 33, 88, 96
99, 55, 96, 48, 40, 63, 5222, 66, 23, 67, 44, 99, 44, 39, 16, 32, 21, 19, 38, 97, 39, 81, 56, 99, 76, 100, 87, 7, 4, 46, 80, 79, 100, 47, 21, 11, 4, 9, 76, 27, 76, 15, 20, 96, 53, 12, 104, 73, 7, 37, 41, 46, 12, 96, 16, 64, 67, 103, 48, 47, 20, 22, 21, 15, 68, 18, 25, 71, 4, 78, 74, 56, 69, 93, 46, 16, 104, 45, 65, 88, 58, 105, 28, 46, 73, 20, 5, 34, 99, 52, 81, 14, 50, 78, 28, 94, 72, 29, 59, 75
83, 28, 25, 46, 97, 48, 61, 5636, 92, 102, 55, 44, 102, 59, 89, 69, 78, 70, 79, 72, 98, 31, 85, 19, 85, 89, 7, 52, 94, 66, 103, 72, 70, 105, 12, 61, 47, 50, 5, 10, 46, 59, 30, 19, 12, 95, 64, 90, 37, 38, 33, 29, 68, 12, 48, 48, 77, 31, 76, 65, 96, 50, 31, 37, 49, 43, 75, 72, 92, 79, 81, 9, 33, 87, 28, 21, 77, 91, 5, 8, 23, 37, 13, 68, 25, 37, 92, 101, 68, 39, 61, 35, 88, 68, 49, 32, 5, 18, 80, 73
73, 33, 82, 82, 14, 86, 103, 67, 5840, 2, 51, 71, 16, 64, 10, 17, 77, 101, 13, 16, 34, 50, 51, 16, 12, 76, 24, 99, 93, 104, 43, 37, 31, 101, 14, 21, 81, 11, 88, 24, 94, 33, 94, 86, 73, 103, 103, 22, 75, 92, 37, 85, 36, 64, 100, 24, 34, 101, 99, 103, 76, 37, 35, 83, 32, 48, 103, 90, 58, 62, 8, 23, 72, 101, 4, 39, 75, 1, 37, 21, 92, 74, 105, 104, 9, 99, 104, 43, 71, 98, 40, 41, 6, 51, 18, 14, 98, 98, 103, 27
54, 5, 50, 20, 82, 30, 36, 28, 30, 4748, 48, 98, 17, 47, 73, 26, 18, 48, 45, 88, 40, 84, 1, 22, 7, 100, 36, 104, 92, 33, 3, 18, 15, 29, 37, 96, 58, 72, 101, 87, 16, 43, 56, 32, 90, 23, 57, 84, 47, 78, 66, 87, 34, 43, 85, 40, 38, 15, 15, 1, 25, 17, 18, 39, 45, 32, 6, 102, 80, 1, 60, 95, 21, 10, 22, 87, 9, 55, 65, 56, 28, 2, 14, 61, 45, 75, 77, 59, 90, 91, 59, 91, 3, 54, 24, 24, 85, 6, 21, 59
89, 57, 26, 4, 44, 47, 67, 29, 78, 26, 5183, 82, 27, 51, 14, 71, 21, 90, 1, 5, 53, 60, 95, 55, 90, 95, 55, 69, 77, 52, 104, 60, 4, 24, 40, 47, 47, 1, 52, 102, 3, 8, 78, 30, 58, 69, 77, 78, 30, 78, 59, 82, 9, 48, 8, 98, 14, 63, 38, 91, 9, 13, 22, 94, 37, 39, 12, 60, 16, 64, 56, 19, 71, 6, 25, 105, 74, 101, 78, 80, 50, 31, 57, 58, 56, 41, 27, 69, 80, 41, 54, 89, 54, 53, 54, 67, 91, 66, 21, 1
24, 77, 19, 71, 82, 43, 70, 27, 16, 19, 1, 5208, 50, 34, 100, 82, 75, 103, 45, 26, 39, 76, 9, 69, 23, 40, 30, 90, 105, 27, 90, 105, 103, 86, 47, 56, 105, 11, 82, 97, 7, 60, 34, 33, 93, 28, 9, 39, 25, 53, 65, 40, 105, 50, 85, 104, 89, 9, 88, 65, 36, 50, 64, 10, 30, 5, 66, 6, 98, 19, 80, 81, 78, 8, 8, 43, 35, 16, 81, 36, 45, 17, 53, 45, 44, 32, 43, 27, 18, 26, 69, 30, 52, 4, 39, 58, 91, 81, 63, 83
100, 37, 35, 72, 44, 42, 9, 55, 57, 67, 68, 78, 5062, 15, 17, 21, 46, 37, 25, 40, 39, 93, 69, 90, 73, 3, 42, 58, 60, 81, 12, 54, 95, 46, 21, 33, 87, 6, 65, 15, 72, 27, 93, 27, 41, 86, 24, 63, 17, 25, 103, 32, 94, 43, 16, 62, 45, 34, 14, 82, 10, 26, 30, 104, 71, 27, 8, 30, 33, 49, 44, 81, 75, 8, 84, 92, 94, 3, 50, 87, 27, 24, 14, 16, 66, 6, 77, 88, 17, 90, 64, 26, 92, 93, 1, 58, 97, 90, 87, 24
34, 2, 81, 3, 92, 60, 95, 80, 62, 16, 38, 65, 39, 5274, 80, 81, 11, 28, 63, 27, 95, 21, 29, 81, 91, 29, 33, 82, 13, 96, 82, 46, 75, 57, 49, 61, 93, 15, 12, 26, 30, 49, 91, 45, 54, 42, 20, 64, 47, 60, 67, 36, 80, 95, 11, 42, 18, 21, 100, 7, 93, 53, 30, 62, 87, 55, 17, 74, 69, 28, 100, 75, 54, 62, 14, 84, 103, 10, 19, 44, 69, 85, 56, 21, 74, 67, 39, 68, 64, 34, 51, 51, 86, 80, 8, 67, 29, 1, 13, 74
29, 7, 43, 59, 68, 33, 37, 42, 43, 55, 63, 6, 34, 13, 5113, 84, 56, 42, 23, 14, 75, 50, 42, 32, 25, 49, 76, 30, 49, 88, 104, 54, 71, 41, 7, 10, 51, 43, 51, 93, 74, 90, 75, 84, 80, 55, 62, 30, 96, 61, 21, 42, 6, 62, 73, 7, 5, 20, 13, 30, 2, 11, 61, 49, 29, 67, 58, 79, 87, 86, 43, 32, 70, 94, 11, 44, 43, 72, 51, 33, 5, 71, 51, 92, 4, 101, 75, 90, 15, 87, 14, 99, 98, 74, 42, 103, 13, 100, 53, 76
80, 95, 2, 21, 60, 12, 65, 103, 61, 92, 7, 42, 34, 58, 28, 5500, 53, 102, 21, 44, 60, 11, 37, 29, 85, 79, 26, 74, 73, 78, 21, 47, 44, 22, 67, 81, 11, 3, 55, 48, 71, 61, 89, 104, 95, 11, 35, 19, 89, 55, 63, 20, 66, 99, 49, 22, 72, 74, 72, 16, 24, 92, 39, 44, 90, 83, 101, 100, 85, 50, 42, 28, 88, 2, 26, 77, 94, 38, 73, 77, 69, 30, 97, 6, 105, 17, 27, 49, 67, 75, 64, 90, 38, 103, 6, 23, 80, 1, 99, 36
28, 13, 40, 10, 14, 66, 63, 3, 80, 30, 56, 43, 36, 24, 49, 36, 5437, 52, 61, 2, 104, 101, 68, 36, 98, 50, 58, 49, 51, 52, 62, 78, 41, 78, 64, 54, 15, 21, 33, 94, 51, 89, 32, 86, 89, 57, 98, 24, 3, 53, 2, 1, 49, 69, 14, 18, 14, 71, 44, 41, 99, 82, 95, 34, 54, 53, 65, 69, 73, 97, 34, 100, 57, 65, 58, 41, 98, 50, 41, 78, 80, 42, 55, 105, 87, 68, 99, 77, 34, 37, 94, 4, 95, 83, 15, 21, 7, 56, 66, 57
24, 99, 51, 81, 36, 3, 98, 28, 30, 33, 105, 4, 51, 55, 3, 9, 17, 5166, 86, 27, 10, 74, 8, 81, 29, 22, 101, 35, 54, 61, 68, 77, 55, 14, 29, 67, 98, 21, 94, 22, 30, 94, 2, 57, 20, 4, 66, 36, 82, 46, 40, 68, 96, 47, 43, 19, 45, 16, 31, 98, 53, 98, 69, 2, 88, 98, 45, 58, 95, 34, 79, 20, 104, 81, 76, 18, 61, 13, 30, 14, 58, 69, 81, 26, 92, 101, 44, 31, 11, 51, 105, 63, 21, 69, 42, 85, 38, 86, 37, 4
96, 11, 105, 94, 68, 53, 6, 23, 65, 36, 14, 100, 81, 94, 20, 68, 66, 40, 5327, 53, 91, 98, 11, 88, 38, 29, 67, 52, 91, 81, 55, 82, 68, 32, 70, 30, 84, 53, 29, 43, 88, 19, 37, 63, 8, 56, 25, 50, 96, 100, 103, 58, 69, 90, 17, 1, 13, 60, 29, 80, 35, 60, 56, 102, 91, 103, 3, 69, 50, 9, 7, 32, 27, 20, 71, 11, 76, 73, 61, 43, 67, 35, 77, 30, 19, 93, 7, 31, 47, 12, 5, 59, 71, 38, 32, 57, 35, 12, 20, 84
102, 3, 92, 105, 23, 57, 11, 75, 1, 48, 12, 67, 59, 88, 73, 77, 52, 56, 84, 5286, 67, 65, 28, 33, 102, 60, 66, 8, 71, 85, 91, 67, 88, 54, 66, 87, 6, 53, 56, 88, 77, 67, 50, 30, 26, 99, 1, 77, 27, 61, 46, 93, 21, 74, 102, 17, 5, 62, 25, 75, 19, 92, 13, 83, 41, 78, 64, 23, 3, 14, 5, 56, 57, 31, 86, 82, 25, 63, 30, 28, 19, 75, 15, 39, 20, 94, 32, 24, 27, 56, 75, 45, 20, 87, 22, 60, 37, 85, 59, 16
75, 40, 71, 26, 71, 51, 2, 72, 91, 8, 99, 4, 60, 90, 19, 79, 55, 50, 80, 82, 5335, 26, 103, 102, 8, 20, 33, 21, 81, 91, 36, 28, 25, 83, 53, 72, 29, 32, 38, 96, 39, 8, 99, 98, 75, 12, 49, 24, 61, 105, 105, 38, 25, 103, 11, 32, 99, 43, 29, 51, 5, 41, 78, 7, 19, 3, 78, 24, 34, 93, 14, 49, 77, 7, 42, 46, 100, 67, 70, 32, 66, 46, 70, 90, 20, 57, 99, 13, 100, 22, 41, 104, 40, 13, 5, 58, 97, 60, 81, 25
24, 94, 74, 100, 77, 92, 41, 71, 30, 87, 102, 95, 27, 43, 56, 47, 100, 49, 36, 71, 48, 5520, 69, 64, 66, 51, 16, 57, 87, 73, 59, 5, 61, 4, 81, 9, 72, 16, 79, 101, 102, 52, 90, 1, 72, 17, 24, 66, 43, 59, 31, 67, 7, 76, 25, 72, 103, 40, 105, 61, 7, 35, 65, 44, 38, 41, 52, 4, 33, 2, 81, 7, 30, 42, 89, 101, 59, 7, 38, 101, 65, 45, 62, 71, 16, 86, 14, 95, 102, 96, 51, 85, 25, 92, 23, 40, 4, 51, 20, 37
52, 101, 20, 81, 14, 3, 54, 72, 9, 91, 44, 50, 31, 82, 98, 23, 39, 6, 94, 35, 78, 39, 5338, 80, 3, 13, 96, 6, 63, 10, 19, 91, 87, 38, 67, 101, 17, 97, 44, 25, 82, 88, 52, 89, 41, 44, 88, 80, 26, 77, 91, 104, 92, 82, 78, 94, 94, 68, 77, 29, 54, 95, 14, 36, 5, 57, 8, 103, 48, 28, 105, 2, 10, 51, 90, 28, 94, 73, 2, 14, 21, 69, 12, 7, 45, 66, 78, 11, 5, 49, 39, 59, 15, 29, 71, 101, 86, 55, 99, 5
82, 98, 6, 69, 43, 96, 96, 31, 40, 74, 21, 60, 37, 33, 43, 82, 75, 15, 69, 80, 40, 84, 10, 5434, 7, 80, 27, 69, 6, 20, 74, 87, 94, 79, 50, 31, 46, 17, 38, 62, 90, 59, 98, 22, 68, 36, 80, 14, 50, 20, 93, 90, 103, 79, 16, 86, 30, 42, 50, 35, 62, 100, 99, 27, 50, 43, 58, 73, 37, 72, 29, 21, 2, 22, 19, 46, 57, 75, 60, 83, 71, 24, 44, 68, 103, 59, 26, 4, 78, 75, 39, 11, 46, 32, 37, 95, 51, 94, 39, 87
38, 68, 85, 16, 66, 80, 62, 99, 27, 98, 76, 97, 16, 97, 60, 95, 50, 62, 99, 22, 31, 9, 32, 53, 5532, 69, 19, 67, 34, 58, 26, 48, 20, 5, 64, 62, 61, 102, 55, 87, 94, 2, 79, 86, 98, 10, 53, 20, 71, 23, 18, 78, 31, 27, 2, 47, 95, 20, 90, 105, 77, 10, 25, 73, 96, 88, 29, 52, 84, 60, 33, 49, 62, 88, 29, 31, 74, 81, 50, 16, 80, 68, 70, 5, 71, 71, 28, 37, 91, 13, 36, 62, 104, 37, 30, 95, 19, 35, 41, 79
95, 50, 104, 28, 10, 28, 58, 83, 85, 85, 99, 60, 24, 40, 41, 94, 6, 46, 25, 96, 35, 37, 29, 33, 74, 5327, 22, 69, 70, 39, 20, 59, 89, 18, 86, 98, 22, 15, 52, 84, 76, 22, 15, 99, 62, 32, 87, 67, 77, 88, 34, 88, 20, 62, 16, 70, 15, 14, 33, 84, 53, 29, 14, 13, 47, 76, 5, 45, 67, 33, 23, 38, 55, 37, 31, 93, 69, 95, 54, 17, 54, 87, 105, 73, 43, 97, 14, 34, 5, 24, 94, 57, 52, 84, 46, 75, 54, 50, 15, 98
60, 37, 30, 91, 51, 60, 78, 96, 26, 3, 7, 80, 89, 6, 24, 3, 79, 38, 14, 84, 61, 84, 12, 7, 40, 58, 5204, 70, 84, 73, 62, 38, 4, 91, 23, 31, 23, 77, 21, 48, 79, 28, 22, 39, 10, 23, 42, 89, 60, 32, 44, 15, 92, 55, 103, 26, 7, 56, 96, 68, 23, 52, 82, 4, 38, 105, 34, 37, 76, 55, 84, 27, 59, 83, 65, 45, 105, 83, 5, 59, 9, 48, 50, 101, 80, 24, 103, 63, 80, 93, 25, 102, 17, 2, 82, 54, 83, 11, 90, 30
42, 45, 56, 77, 22, 16, 98, 103, 98, 103, 33, 84, 22, 82, 56, 101, 83, 53, 59, 57, 41, 83, 30, 34, 61, 7, 64, 5560, 99, 25, 68, 12, 69, 100, 65, 68, 10, 57, 65, 85, 54, 75, 63, 76, 28, 13, 48, 5, 65, 1, 61, 82, 61, 91, 10, 16, 74, 73, 31, 44, 97, 75, 55, 38, 69, 96, 105, 79, 47, 41, 58, 78, 10, 15, 25, 38, 4, 72, 42, 68, 73, 80, 22, 5, 42, 31, 20, 10, 81, 27, 53, 49, 101, 84, 86, 65, 74, 85, 15, 97
103, 49, 69, 7, 63, 93, 21, 43, 37, 63, 5, 4, 37, 3, 90, 78, 11, 86, 64, 91, 8, 93, 34, 3, 48, 15, 44, 98, 5341, 58, 89, 73, 1, 53, 57, 40, 17, 77, 82, 53, 34, 64, 33, 47, 66, 17, 101, 53, 80, 36, 38, 87, 105, 49, 89, 47, 40, 5, 39, 10, 62, 105, 60, 63, 29, 11, 102, 45, 64, 56, 75, 75, 14, 84, 16, 56, 78, 94, 4, 52, 24, 18, 33, 1, 66, 98, 47, 82, 102, 63, 69, 59, 62, 23, 98, 90, 10, 71, 6, 73
103, 57, 42, 93, 36, 35, 44, 8, 23, 24, 59, 23, 18, 68, 105, 61, 60, 47, 37, 34, 86, 105, 69, 19, 104, 61, 3, 90, 3, 4794, 58, 1, 42, 76, 93, 77, 5, 8, 61, 4, 8, 14, 4, 26, 81, 3, 86, 12, 26, 17, 22, 6, 99, 90, 24, 74, 22, 3, 59, 2, 93, 11, 2, 6, 86, 71, 59, 68, 79, 14, 48, 86, 27, 51, 6, 84, 31, 68, 72, 56, 62, 94, 39, 55, 55, 39, 23, 54, 42, 81, 55, 6, 68, 56, 93, 26, 21, 46, 70, 76
59, 12, 57, 85, 40, 39, 40, 70, 2, 88, 102, 40, 53, 35, 94, 3, 74, 93, 56, 92, 46, 5, 97, 90, 37, 84, 10, 57, 24, 56, 5403, 59, 68, 61, 38, 84, 76, 54, 48, 54, 36, 21, 93, 89, 56, 58, 68, 1, 23, 100, 92, 68, 104, 60, 52, 35, 15, 39, 68, 38, 94, 72, 96, 33, 4, 5, 11, 57, 35, 35, 87, 47, 56, 75, 7, 88, 4, 74, 88, 26, 68, 51, 93, 43, 5, 17, 54, 19, 32, 99, 33, 102, 42, 105, 30, 23, 86, 17, 79, 97
29, 60, 38, 61, 6, 45, 20, 10, 95, 2, 35, 35, 29, 105, 77, 33, 16, 3, 28, 47, 101, 37, 20, 37, 36, 49, 36, 98, 43, 9, 89, 4791, 46, 103, 85, 28, 42, 104, 37, 9, 105, 49, 43, 28, 48, 96, 37, 40, 98, 41, 63, 70, 77, 82, 84, 89, 3, 14, 81, 45, 23, 41, 69, 45, 38, 48, 72, 57, 46, 86, 65, 22, 29, 2, 26, 76, 97, 39, 10, 67, 79, 72, 31, 50, 48, 9, 10, 27, 23, 67, 48, 22, 2, 11, 66, 16, 35, 9, 72, 80
94, 8, 78, 17, 9, 103, 69, 83, 36, 55, 44, 91, 103, 51, 12, 46, 60, 21, 49, 59, 64, 97, 80, 65, 2, 17, 58, 37, 25, 1, 93, 96, 5129, 66, 7, 17, 40, 53, 76, 76, 2, 14, 38, 105, 65, 50, 22, 101, 47, 70, 54, 6, 61, 5, 47, 40, 21, 104, 76, 22, 105, 40, 12, 8, 105, 101, 1, 40, 48, 77, 92, 49, 67, 24, 25, 3, 50, 46, 80, 97, 93, 28, 102, 48, 32, 43, 87, 29, 42, 34, 51, 18, 74, 62, 2, 50, 57, 2, 89, 81
55, 52, 2, 17, 53, 26, 101, 102, 49, 76, 93, 36, 80, 89, 83, 89, 4, 42, 12, 22, 52, 62, 39, 20, 101, 40, 47, 29, 18, 7, 5, 73, 59, 5470, 66, 6, 8, 38, 84, 56, 8, 49, 91, 65, 9, 46, 48, 12, 64, 59, 33, 10, 98, 48, 7, 93, 87, 53, 98, 82, 59, 102, 26, 94, 84, 68, 76, 69, 105, 55, 19, 90, 103, 87, 49, 88, 4, 96, 100, 44, 49, 27, 30, 18, 52, 36, 5, 10, 65, 103, 91, 101, 76, 11, 89, 32, 78, 37, 100, 55
91, 95, 39, 65, 53, 64, 47, 33, 54, 18, 76, 79, 22, 83, 97, 73, 95, 78, 82, 55, 52, 45, 27, 105, 55, 10, 31, 5, 46, 2, 36, 8, 73, 74, 5610, 103, 9, 73, 7, 62, 67, 60, 12, 88, 37, 85, 32, 26, 58, 9, 57, 86, 53, 83, 85, 84, 70, 92, 65, 92, 93, 100, 77, 38, 45, 20, 12, 53, 69, 18, 91, 8, 77, 103, 95, 8, 82, 22, 34, 11, 7, 67, 97, 36, 45, 76, 96, 9, 63, 56, 100, 27, 27, 71, 41, 72, 68, 52, 101, 8
70, 87, 15, 18, 61, 87, 26, 14, 85, 36, 25, 91, 102, 98, 103, 18, 68, 93, 26, 2, 20, 21, 6, 47, 68, 46, 13, 30, 75, 90, 15, 16, 71, 29, 33, 5417, 10, 35, 40, 94, 70, 41, 56, 44, 33, 53, 61, 77, 18, 87, 79, 37, 84, 61, 83, 23, 83, 72, 30, 52, 57, 44, 67, 104, 49, 77, 2, 59, 6, 18, 24, 53, 58, 57, 96, 67, 4, 51, 38, 103, 9, 93, 35, 69, 48, 94, 69, 26, 38, 98, 54, 94, 13, 98, 69, 61, 69, 70, 96, 74
87, 97, 21, 16, 48, 93, 82, 28, 16, 97, 26, 24, 84, 60, 70, 4, 25, 33, 6, 62, 2, 36, 27, 14, 28, 96, 74, 96, 37, 42, 42, 19, 33, 39, 11, 80, 5061, 70, 2, 19, 61, 27, 19, 16, 63, 65, 101, 88, 97, 1, 21, 98, 14, 48, 88, 41, 38, 57, 9, 74, 98, 27, 69, 25, 42, 80, 81, 45, 44, 82, 63, 81, 4, 59, 96, 43, 18, 69, 25, 92, 46, 46, 61, 59, 70, 44, 100, 2, 77, 85, 52, 46, 6, 98, 47, 47, 49, 22, 92, 69
103, 26, 44, 83, 84, 11, 21, 102, 79, 22, 88, 102, 44, 43, 55, 8, 63, 49, 9, 34, 28, 38, 79, 10, 7, 20, 57, 55, 41, 20, 18, 16, 45, 38, 98, 1, 25, 5060, 102, 81, 12, 61, 77, 55, 80, 26, 63, 38, 52, 48, 71, 56, 62, 22, 66, 68, 41, 99, 17, 59, 13, 11, 74, 57, 25, 43, 57, 27, 33, 30, 2, 44, 67, 55, 75, 42, 57, 32, 56, 3, 57, 103, 36, 13, 19, 101, 81, 37, 71, 74, 72, 83, 62, 40, 11, 63, 59, 45, 89, 91
74, 67, 6, 13, 98, 58, 31, 50, 89, 86, 29, 17, 60, 64, 30, 56, 36, 87, 69, 1, 32, 35, 60, 93, 51, 71, 28, 4, 10, 93, 72, 60, 55, 54, 49, 24, 6, 79, 5377, 72, 36, 102, 88, 73, 37, 94, 23, 73, 75, 91, 50, 2, 20, 5, 71, 70, 52, 98, 50, 61, 86, 16, 97, 12, 47, 41, 35, 52, 96, 3, 100, 4, 81, 83, 76, 12, 48, 98, 61, 18, 60, 6, 19, 79, 92, 89, 20, 38, 82, 69, 75, 39, 62, 43, 50, 3, 60, 84, 31, 51
63, 3, 31, 38, 62, 1, 27, 4, 98, 87, 21, 29, 69, 16, 2, 55, 105, 103, 69, 58, 43, 38, 73, 104, 58, 17, 83, 12, 77, 91, 39, 35, 93, 69, 49, 26, 46, 75, 29, 5013, 34, 50, 43, 102, 65, 21, 29, 41, 18, 97, 75, 61, 7, 42, 36, 41, 35, 96, 52, 7, 58, 68, 18, 22, 8, 66, 47, 54, 13, 75, 68, 46, 101, 6, 19, 38, 26, 47, 55, 21, 16, 25, 81, 104, 43, 93, 39, 78, 83, 90, 84, 12, 29, 101, 33, 37, 38, 79, 67, 27
26, 29, 49, 21, 11, 68, 35, 37, 91, 90, 34, 83, 91, 91, 81, 28, 78, 14, 105, 33, 81, 83, 44, 4, 55, 77, 17, 70, 50, 83, 96, 75, 7, 17, 73, 99, 84, 2, 7, 46, 5394, 40, 24, 53, 25, 81, 81, 103, 95, 80, 7, 70, 35, 50, 50, 66, 21, 67, 7, 48, 44, 103, 99, 27, 14, 66, 21, 74, 45, 27, 96, 7, 67, 96, 60, 91, 72, 12, 65, 38, 91, 71, 2, 102, 16, 51, 40, 13, 94, 46, 37, 33, 20, 31, 36, 33, 73, 56, 83, 94
60, 51, 78, 21, 41, 32, 88, 89, 20, 25, 21, 87, 95, 22, 84, 87, 50, 100, 77, 38, 40, 8, 47, 60, 15, 83, 69, 65, 10, 24, 30, 69, 74, 2, 66, 91, 10, 26, 75, 29, 50, 5545, 11, 39, 94, 71, 103, 15, 65, 74, 29, 104, 58, 76, 35, 50, 30, 104, 9, 39, 104, 38, 85, 72, 17, 45, 34, 26, 70, 3, 55, 14, 75, 65, 30, 63, 30, 27, 54, 71, 77, 82, 69, 29, 29, 81, 78, 58, 56, 63, 74, 54, 78, 53, 102, 94, 74, 30, 96, 39
33, 45, 29, 84, 86, 35, 18, 92, 38, 71, 57, 9, 47, 103, 15, 76, 78, 69, 5, 28, 4, 78, 81, 81, 25, 77, 46, 76, 83, 36, 9, 92, 58, 14, 70, 38, 26, 87, 25, 63, 29, 58, 5113, 53, 55, 40, 105, 27, 85, 4, 31, 88, 59, 6, 40, 60, 59, 85, 30, 14, 98, 15, 105, 50, 29, 70, 64, 54, 28, 65, 93, 34, 18, 36, 86, 49, 52, 85, 53, 32, 65, 83, 14, 18, 66, 31, 78, 101, 92, 2, 9, 84, 17, 9, 5, 22, 55, 69, 52, 59
28, 16, 92, 45, 29, 49, 94, 80, 5, 18, 6, 70, 100, 102, 64, 60, 27, 13, 33, 95, 15, 41, 74, 8, 26, 55, 6, 80, 18, 34, 11, 46, 49, 102, 67, 77, 23, 32, 52, 27, 49, 34, 73, 5173, 30, 32, 57, 33, 44, 89, 105, 35, 25, 50, 19, 27, 104, 24, 84, 17, 57, 94, 39, 83, 67, 82, 54, 89, 9, 82, 11, 34, 11, 83, 54, 17, 91, 6, 27, 30, 94, 26, 41, 95, 75, 60, 99, 73, 83, 77, 66, 12, 65, 104, 94, 26, 58, 19, 92, 66
101, 79, 99, 6, 33, 25, 22, 19, 30, 48, 25, 100, 50, 65, 67, 19, 101, 60, 69, 56, 8, 29, 67, 72, 5, 32, 74, 62, 50, 37, 104, 45, 10, 74, 27, 43, 75, 49, 61, 104, 73, 62, 76, 100, 5458, 14, 13, 99, 50, 58, 49, 57, 64, 92, 105, 68, 18, 73, 1, 44, 5, 81, 89, 96, 26, 10, 33, 101, 35, 70, 76, 85, 26, 46, 79, 1, 36, 68, 99, 85, 21, 42, 13, 84, 28, 12, 23, 22, 85, 105, 65, 66, 57, 25, 56, 82, 12, 66, 77, 23
7, 48, 2, 10, 70, 57, 10, 1, 102, 3, 62, 17, 21, 75, 77, 25, 63, 76, 46, 42, 52, 87, 84, 3, 7, 12, 84, 18, 54, 33, 17, 60, 80, 101, 69, 21, 52, 55, 103, 48, 34, 60, 41, 54, 6, 5200, 78, 68, 64, 100, 87, 10, 82, 42, 94, 65, 30, 73, 59, 83, 105, 75, 15, 56, 70, 60, 76, 99, 10, 74, 18, 43, 5, 36, 97, 92, 24, 46, 31, 65, 18, 12, 51, 99, 31, 40, 35, 60, 89, 93, 38, 65, 39, 52, 15, 4, 6, 67, 79, 97
12, 96, 35, 98, 3, 3, 61, 27, 25, 92, 68, 42, 80, 13, 35, 5, 52, 69, 65, 12, 33, 79, 76, 72, 2, 67, 52, 89, 6, 25, 81, 17, 97, 92, 92, 100, 94, 47, 103, 13, 10, 65, 32, 90, 77, 66, 5336, 1, 7, 7, 12, 16, 85, 88, 87, 63, 49, 10, 47, 54, 11, 104, 48, 3, 67, 11, 79, 32, 34, 76, 44, 44, 35, 52, 5, 88, 13, 75, 88, 101, 82, 100, 93, 38, 82, 52, 101, 2, 61, 19, 33, 72, 99, 57, 51, 60, 44, 24, 91, 77
99, 6, 97, 5, 58, 101, 92, 47, 71, 75, 19, 47, 46, 6, 84, 104, 57, 56, 105, 95, 74, 9, 61, 44, 42, 6, 103, 85, 6, 88, 57, 104, 94, 48, 85, 23, 44, 71, 69, 91, 40, 87, 9, 85, 92, 69, 60, 5710, 20, 60, 10, 70, 45, 70, 9, 87, 52, 6, 66, 57, 71, 99, 32, 36, 42, 11, 58, 62, 58, 21, 24, 75, 84, 32, 31, 47, 100, 91, 67, 96, 45, 76, 61, 66, 17, 46, 47, 45, 51, 8, 78, 98, 83, 4, 28, 19, 96, 85, 57, 49
82, 80, 18, 60, 6, 25, 2, 83, 10, 68, 73, 31, 16, 28, 97, 9, 73, 38, 54, 101, 22, 26, 93, 105, 7, 98, 100, 102, 77, 29, 22, 31, 3, 16, 90, 91, 41, 68, 68, 50, 8, 35, 81, 23, 40, 72, 31, 89, 5720, 61, 61, 85, 87, 26, 61, 93, 18, 55, 66, 71, 83, 65, 101, 63, 80, 63, 48, 97, 25, 92, 42, 32, 103, 99, 31, 37, 42, 39, 103, 22, 99, 58, 83, 57, 60, 38, 21, 77, 93, 87, 43, 47, 23, 15, 4, 102, 77, 28, 71, 79
14, 89, 87, 12, 82, 95, 25, 18, 28, 22, 16, 103, 57, 76, 55, 11, 8, 75, 88, 100, 33, 2, 19, 55, 16, 22, 29, 70, 27, 99, 43, 40, 82, 24, 51, 35, 13, 76, 29, 17, 74, 21, 15, 25, 96, 46, 13, 104, 97, 5294, 75, 2, 78, 93, 56, 70, 92, 61, 34, 13, 54, 76, 29, 7, 77, 57, 41, 66, 4, 69, 83, 77, 90, 74, 79, 80, 96, 91, 78, 87, 62, 25, 88, 34, 12, 16, 80, 80, 76, 9, 69, 2, 61, 98, 8, 9, 49, 49, 75, 52
94, 29, 105, 55, 102, 55, 30, 69, 40, 84, 50, 78, 3, 10, 88, 97, 25, 63, 48, 77, 71, 12, 78, 3, 86, 63, 12, 29, 88, 86, 57, 76, 91, 33, 26, 87, 88, 32, 27, 104, 92, 76, 77, 95, 62, 36, 63, 63, 98, 5, 5621, 40, 98, 89, 43, 78, 23, 31, 83, 5, 11, 11, 58, 101, 44, 60, 59, 3, 91, 85, 83, 77, 32, 31, 43, 71, 67, 82, 28, 36, 87, 16, 76, 79, 105, 95, 29, 104, 20, 6, 4, 7, 17, 38, 84, 37, 97, 14, 16, 59
75, 98, 7, 83, 24, 50, 48, 90, 3, 53, 102, 89, 68, 72, 40, 44, 38, 68, 43, 34, 50, 23, 40, 66, 37, 100, 79, 28, 8, 94, 63, 82, 87, 69, 60, 87, 95, 2, 48, 98, 31, 44, 58, 99, 93, 74, 14, 25, 36, 56, 36, 5594, 55, 75, 105, 91, 47, 79, 95, 54, 44, 52, 31, 2, 98, 67, 88, 64, 45, 7, 56, 76, 51, 91, 46, 38, 59, 59, 39, 72, 92, 74, 29, 18, 21, 5, 4, 67, 83, 98, 15, 22, 22, 22, 105, 14, 65, 88, 54, 5
94, 87, 57, 16, 72, 102, 53, 2, 32, 69, 50, 100, 37, 55, 13, 57, 60, 98, 100, 37, 67, 10, 35, 88, 8, 35, 78, 73, 99, 27, 54, 64, 8, 5, 80, 56, 83, 4, 57, 91, 49, 2, 86, 86, 56, 75, 14, 10, 67, 9, 24, 5, 5513, 35, 70, 84, 46, 42, 28, 39, 45, 81, 80, 29, 85, 54, 61, 62, 34, 95, 25, 83, 73, 87, 40, 105, 56, 30, 10, 99, 15, 10, 103, 91, 21, 67, 70, 67, 86, 97, 105, 2, 73, 56, 8, 29, 86, 68, 68, 15
34, 92, 74, 1, 73, 8, 1, 23, 14, 92, 98, 29, 101, 72, 14, 16, 34, 83, 82, 96, 52, 59, 74, 101, 91, 81, 24, 72, 21, 91, 63, 54, 54, 31, 55, 21, 15, 32, 20, 28, 18, 12, 56, 13, 61, 47, 5, 71, 1, 64, 61, 52, 99, 5229, 47, 84, 87, 48, 27, 84, 10, 89, 9, 64, 14, 40, 84, 5, 71, 81, 10, 88, 69, 65, 77, 24, 88, 59, 94, 89, 17, 26, 35, 92, 32, 59, 47, 95, 1, 74, 73, 10, 57, 81, 73, 48, 98, 29, 52, 63
4, 61, 46, 49, 103, 17, 73, 85, 75, 61, 45, 68, 64, 80, 31, 95, 10, 78, 84, 10, 23, 28, 101, 79, 85, 46, 103, 77, 51, 27, 35, 31, 64, 57, 79, 38, 73, 46, 18, 20, 84, 62, 64, 42, 13, 95, 8, 22, 44, 68, 8, 66, 95, 86, 5379, 74, 26, 96, 23, 76, 17, 34, 83, 80, 90, 56, 13, 34, 79, 7, 30, 34, 45, 94, 52, 35, 60, 59, 33, 80, 21, 41, 17, 92, 21, 9, 37, 23, 104, 59, 75, 15, 92, 52, 72, 53, 84, 61, 87, 57
44, 11, 90, 65, 81, 13, 99, 35, 71, 27, 9, 68, 44, 2, 54, 41, 11, 68, 63, 9, 21, 32, 1, 90, 60, 49, 37, 38, 4, 100, 72, 24, 6, 33, 88, 86, 46, 82, 98, 93, 85, 83, 33, 105, 85, 63, 40, 95, 25, 79, 103, 23, 87, 103, 7, 5539, 46, 20, 55, 26, 15, 21, 49, 20, 54, 9, 82, 76, 90, 74, 63, 46, 52, 95, 45, 8, 53, 61, 102, 77, 34, 99, 76, 15, 74, 82, 55, 96, 79, 86, 99, 93, 2, 19, 89, 55, 27, 42, 25, 93
11, 64, 33, 39, 54, 54, 46, 83, 9, 19, 31, 19, 94, 2, 33, 62, 60, 64, 30, 33, 45, 23, 20, 23, 18, 85, 77, 45, 22, 78, 32, 9, 13, 42, 24, 43, 95, 46, 20, 81, 64, 28, 76, 29, 6, 4, 91, 65, 44, 97, 98, 65, 96, 94, 87, 8, 5459, 35, 52, 49, 89, 84, 57, 102, 102, 57, 39, 68, 102, 36, 20, 37, 63, 96, 65, 68, 76, 27, 4, 14, 100, 101, 79, 90, 67, 60, 98, 94, 72, 21, 37, 55, 81, 93, 51, 77, 21, 90, 40, 99
102, 59, 7, 59, 49, 48, 103, 19, 75, 1, 10, 69, 79, 65, 31, 17, 101, 105, 5, 67, 20, 41, 17, 101, 5, 67, 49, 25, 28, 65, 100, 24, 19, 1, 59, 44, 48, 56, 40, 99, 34, 26, 63, 89, 90, 70, 105, 85, 69, 86, 47, 88, 103, 63, 60, 2, 1, 5381, 3, 29, 45, 102, 52, 63, 79, 6, 84, 21, 38, 100, 15, 48, 20, 54, 31, 86, 18, 7, 65, 63, 92, 88, 45, 89, 22, 82, 67, 23, 62, 46, 51, 1, 19, 79, 41, 97, 61, 101, 95, 76
95, 4, 18, 91, 34, 26, 71, 51, 32, 7, 8, 19, 72, 29, 84, 93, 87, 23, 10, 43, 68, 37, 21, 87, 93, 61, 55, 48, 56, 44, 100, 22, 24, 13, 89, 57, 38, 31, 84, 46, 14, 68, 64, 85, 97, 20, 73, 78, 42, 59, 98, 86, 96, 13, 44, 83, 50, 76, 5748, 82, 14, 102, 103, 38, 91, 86, 71, 105, 93, 50, 45, 1, 12, 86, 86, 85, 82, 30, 35, 100, 88, 27, 80, 78, 16, 101, 32, 65, 71, 11, 41, 61, 89, 15, 98, 74, 77, 41, 73, 64
90, 94, 64, 101, 74, 21, 58, 27, 50, 92, 21, 33, 13, 101, 87, 28, 73, 96, 69, 38, 1, 4, 98, 89, 100, 68, 34, 71, 3, 83, 6, 69, 71, 69, 41, 17, 67, 98, 43, 11, 84, 64, 43, 73, 36, 2, 77, 3, 97, 40, 17, 97, 20, 91, 57, 14, 30, 90, 61, 5518, 67, 66, 77, 32, 7, 95, 25, 73, 87, 68, 83, 43, 3, 103, 10, 15, 104, 87, 17, 95, 21, 10, 63, 18, 100, 14, 31, 25, 103, 69, 33, 64, 29, 87, 72, 12, 76, 97, 84, 57
36, 39, 99, 38, 36, 86, 29, 34, 67, 22, 105, 64, 31, 62, 81, 2, 75, 89, 26, 49, 52, 36, 7, 57, 99, 55, 69, 69, 46, 47, 102, 58, 85, 73, 72, 97, 53, 100, 2, 96, 16, 1, 54, 46, 39, 30, 25, 90, 95, 27, 33, 41, 62, 16, 74, 55, 71, 37, 100, 93, 5628, 97, 23, 17, 64, 94, 9, 93, 89, 92, 83, 81, 93, 31, 104, 3, 37, 23, 70, 26, 49, 102, 43, 88, 95, 12, 14, 37, 25, 9, 1, 85, 105, 23, 102, 40, 12, 87, 27, 77
50, 4, 52, 14, 34, 27, 17, 48, 49, 86, 73, 75, 59, 93, 57, 48, 104, 70, 61, 23, 78, 62, 85, 54, 84, 58, 93, 72, 16, 96, 43, 65, 99, 72, 79, 5, 98, 95, 52, 19, 52, 101, 93, 5, 65, 21, 30, 63, 90, 90, 63, 40, 46, 42, 70, 2, 76, 35, 73, 91, 25, 5552, 50, 101, 36, 23, 105, 5, 94, 28, 23, 40, 105, 92, 22, 65, 7, 51, 104, 74, 12, 61, 8, 35, 79, 77, 36, 49, 6, 85, 34, 8, 72, 61, 3, 2, 83, 2, 89, 49
6, 6, 88, 87, 75, 86, 46, 81, 31, 22, 49, 43, 59, 33, 77, 33, 5, 89, 58, 92, 68, 69, 99, 35, 24, 101, 13, 83, 79, 78, 26, 61, 84, 91, 20, 53, 71, 42, 5, 102, 63, 31, 16, 17, 63, 69, 26, 67, 52, 83, 31, 96, 46, 1, 2, 69, 79, 97, 47, 29, 69, 72, 5711, 47, 34, 86, 76, 105, 22, 58, 78, 85, 88, 93, 101, 45, 33, 21, 89, 61, 80, 96, 51, 21, 96, 53, 66, 69, 44, 7, 75, 7, 56, 36, 31, 89, 16, 83, 65, 37
35, 37, 98, 99, 24, 70, 39, 33, 67, 104, 93, 42, 94, 39, 62, 61, 91, 104, 2, 29, 6, 76, 12, 38, 6, 42, 103, 103, 102, 63, 11, 31, 99, 4, 2, 100, 73, 40, 27, 35, 15, 15, 53, 85, 53, 91, 40, 15, 89, 41, 20, 71, 93, 31, 3, 98, 50, 83, 72, 46, 40, 83, 53, 5542, 86, 54, 4, 30, 70, 8, 41, 84, 104, 93, 63, 28, 78, 80, 42, 62, 15, 38, 27, 85, 68, 7, 54, 94, 89, 21, 34, 105, 103, 64, 9, 60, 12, 95, 89, 82
102, 2, 37, 100, 94, 77, 104, 44, 51, 40, 82, 42, 54, 85, 21, 16, 91, 75, 87, 51, 95, 97, 50, 69, 55, 36, 23, 67, 25, 88, 20, 103, 89, 56, 74, 55, 4, 72, 98, 54, 88, 74, 96, 36, 53, 93, 28, 16, 62, 9, 66, 28, 83, 93, 96, 32, 23, 95, 75, 24, 78, 71, 103, 38, 5729, 71, 92, 2, 14, 61, 56, 101, 6, 23, 8, 59, 10, 35, 51, 72, 21, 93, 99, 103, 57, 67, 6, 56, 56, 81, 79, 5, 23, 76, 43, 21, 18, 6, 23, 31
67, 55, 3, 72, 77, 10, 2, 86, 45, 29, 29, 42, 17, 105, 39, 50, 66, 44, 1, 16, 101, 56, 21, 19, 27, 63, 16, 21, 45, 38, 52, 88, 69, 31, 32, 40, 41, 33, 103, 62, 39, 3, 103, 32, 2, 13, 81, 67, 56, 81, 83, 29, 32, 103, 24, 35, 37, 39, 55, 58, 54, 83, 41, 17, 91, 4722, 34, 26, 81, 8, 87, 14, 10, 61, 45, 12, 73, 103, 78, 23, 78, 32, 28, 86, 6, 51, 97, 19, 67, 24, 77, 15, 1, 12, 8, 91, 83, 18, 93, 35
25, 51, 49, 35, 6, 70, 23, 78, 67, 100, 78, 17, 4, 82, 79, 9, 28, 71, 28, 71, 94, 104, 85, 71, 92, 69, 34, 46, 87, 21, 80, 88, 72, 105, 17, 54, 70, 16, 4, 8, 11, 81, 1, 96, 57, 80, 104, 61, 45, 3, 26, 33, 1, 87, 103, 69, 28, 31, 9, 9, 29, 89, 96, 77, 65, 90, 5360, 29, 105, 28, 14, 92, 85, 14, 82, 14, 70, 58, 74, 9, 60, 77, 18, 38, 35, 98, 1, 62, 105, 10, 70, 28, 75, 38, 104, 34, 104, 1, 40, 80
5, 53, 67, 90, 43, 20, 103, 8, 77, 48, 98, 9, 101, 11, 46, 31, 3, 46, 92, 2, 32, 34, 7, 1, 48, 87, 12, 46, 64, 51, 20, 69, 80, 63, 30, 99, 83, 4, 1, 31, 28, 76, 39, 24, 63, 61, 54, 65, 84, 17, 43, 10, 50, 26, 11, 97, 90, 22, 14, 48, 49, 34, 11, 23, 73, 17, 16, 4670, 20, 99, 58, 48, 46, 73, 71, 3, 6, 101, 44, 89, 12, 63, 98, 39, 89, 85, 7, 73, 83, 21, 97, 26, 31, 3, 25, 103, 101, 18, 25, 16
93, 59, 63, 33, 3, 5, 12, 8, 82, 55, 96, 93, 94, 66, 3, 77, 45, 10, 21, 105, 30, 13, 25, 60, 97, 27, 34, 92, 21, 58, 84, 8, 93, 18, 17, 96, 104, 5, 103, 80, 59, 71, 45, 47, 31, 47, 101, 52, 33, 98, 51, 62, 87, 53, 98, 55, 79, 27, 19, 76, 61, 102, 60, 49, 97, 76, 16, 95, 5532, 13, 70, 10, 60, 9, 33, 67, 32, 5, 14, 65, 103, 64, 103, 61, 93, 96, 11, 43, 99, 29, 13, 31, 2, 72, 56, 98, 19, 71, 88, 75
61, 52, 61, 15, 37, 71, 82, 45, 75, 72, 4, 49, 7, 84, 5, 100, 74, 97, 37, 44, 20, 27, 74, 21, 98, 25, 96, 94, 95, 78, 63, 27, 1, 101, 42, 14, 66, 100, 58, 12, 66, 39, 61, 72, 99, 42, 66, 67, 33, 80, 87, 29, 1, 32, 26, 75, 33, 16, 63, 105, 70, 103, 26, 47, 98, 67, 60, 35, 61, 5678, 46, 103, 5, 83, 70, 103, 101, 30, 41, 5, 4, 104, 33, 86, 30, 36, 56, 63, 51, 13, 39, 98, 92, 64, 39, 84, 3, 76, 95, 40
65, 13, 38, 46, 95, 2, 43, 68, 8, 60, 72, 94, 58, 82, 74, 87, 12, 1, 21, 39, 14, 59, 31, 105, 18, 47, 61, 102, 17, 27, 36, 58, 39, 73, 103, 6, 51, 40, 73, 59, 99, 16, 47, 51, 97, 97, 9, 3, 98, 30, 42, 88, 65, 49, 64, 59, 95, 101, 55, 88, 23, 91, 40, 38, 35, 37, 43, 86, 53, 92, 5368, 23, 3, 62, 50, 76, 30, 59, 79, 22, 65, 97, 86, 24, 17, 45, 83, 89, 17, 9, 71, 39, 99, 6, 77, 29, 42, 96, 9, 95
60, 24, 94, 62, 85, 39, 32, 91, 97, 87, 90, 56, 55, 70, 56, 49, 91, 10, 32, 3, 19, 79, 18, 94, 84, 71, 17, 103, 62, 2, 69, 16, 25, 57, 54, 86, 95, 62, 49, 86, 21, 33, 13, 52, 102, 46, 100, 65, 32, 3, 44, 50, 82, 61, 16, 60, 27, 32, 34, 65, 11, 102, 57, 12, 54, 87, 75, 20, 20, 18, 83, 5350, 50, 72, 69, 23, 12, 40, 64, 44, 43, 2, 70, 19, 63, 85, 55, 66, 94, 66, 2, 81, 62, 35, 92, 92, 98, 38, 7, 12
32, 66, 29, 58, 32, 97, 81, 21, 8, 16, 41, 50, 18, 5, 45, 57, 67, 77, 17, 32, 37, 100, 7, 75, 29, 75, 62, 21, 8, 45, 9, 39, 5, 37, 97, 13, 5, 49, 33, 13, 64, 73, 39, 58, 78, 84, 9, 16, 32, 25, 47, 68, 101, 30, 37, 24, 104, 75, 21, 88, 96, 30, 22, 77, 43, 95, 90, 48, 15, 17, 37, 78, 4489, 75, 8, 16, 53, 16, 31, 84, 18, 54, 23, 13, 83, 37, 14, 58, 88, 34, 41, 79, 40, 39, 27, 60, 28, 11, 2, 42
5, 15, 96, 71, 89, 103, 86, 14, 14, 93, 74, 8, 41, 97, 20, 100, 5, 10, 52, 92, 21, 92, 65, 60, 25, 92, 14, 52, 79, 97, 70, 60, 6, 38, 25, 72, 12, 87, 85, 2, 74, 53, 9, 91, 21, 29, 85, 25, 38, 32, 12, 58, 18, 53, 95, 20, 16, 85, 48, 72, 54, 13, 26, 36, 27, 51, 2, 38, 9, 63, 40, 60, 11, 4891, 45, 8, 53, 2, 33, 68, 33, 44, 20, 27, 73, 91, 46, 89, 48, 71, 55, 101, 83, 80, 31, 86, 2, 10, 18, 93
72, 57, 47, 59, 105, 68, 67, 52, 69, 76, 14, 101, 96, 11, 105, 63, 78, 22, 23, 20, 92, 54, 15, 46, 6, 23, 26, 7, 32, 44, 76, 80, 77, 17, 34, 76, 85, 77, 105, 48, 24, 95, 21, 14, 82, 102, 76, 55, 18, 76, 74, 87, 24, 66, 27, 29, 65, 30, 13, 96, 50, 88, 47, 21, 105, 57, 97, 61, 5, 73, 85, 28, 62, 105, 5804, 16, 101, 94, 70, 96, 64, 15, 77, 64, 57, 103, 93, 16, 4, 82, 88, 53, 64, 7, 74, 40, 63, 42, 77, 68
9, 57, 95, 47, 56, 8, 62, 29, 78, 3, 19, 36, 100, 95, 76, 28, 69, 40, 44, 73, 16, 3, 102, 80, 9, 70, 96, 49, 6, 68, 11, 96, 19, 82, 38, 51, 66, 76, 79, 38, 56, 74, 50, 27, 63, 21, 54, 4, 60, 74, 53, 76, 77, 49, 27, 62, 14, 99, 5, 101, 61, 97, 92, 56, 51, 1, 2, 11, 53, 57, 49, 3, 26, 75, 6, 5237, 95, 60, 68, 27, 28, 15, 79, 81, 64, 105, 38, 54, 98, 19, 49, 31, 11, 35, 86, 38, 35, 87, 48, 88
39, 73, 67, 41, 20, 73, 23, 9, 4, 68, 12, 31, 82, 90, 89, 17, 89, 103, 70, 59, 98, 14, 66, 85, 25, 46, 17, 37, 5, 42, 19, 20, 9, 62, 60, 5, 6, 59, 14, 9, 21, 25, 17, 80, 92, 105, 96, 75, 79, 61, 5, 71, 51, 70, 51, 75, 93, 67, 6, 97, 3, 1, 93, 94, 40, 47, 98, 45, 82, 88, 54, 103, 90, 47, 54, 76, 5256, 44, 22, 101, 81, 4, 43, 26, 50, 93, 101, 37, 32, 83, 5, 11, 84, 97, 81, 18, 15, 51, 39, 97
10, 69, 71, 99, 10, 19, 46, 32, 39, 45, 4, 15, 25, 24, 40, 74, 11, 12, 6, 19, 95, 92, 7, 50, 84, 87, 44, 75, 9, 59, 66, 19, 23, 8, 94, 9, 3, 12, 18, 42, 56, 21, 56, 80, 44, 72, 25, 32, 61, 30, 27, 50, 17, 33, 76, 77, 97, 96, 46, 105, 49, 89, 18, 71, 73, 7, 80, 76, 18, 97, 94, 50, 94, 21, 1, 10, 92, 4736, 18, 24, 32, 44, 73, 25, 77, 20, 78, 68, 10, 18, 67, 59, 83, 62, 24, 51, 45, 80, 103, 39
48, 91, 88, 37, 6, 65, 23, 74, 89, 40, 98, 97, 83, 42, 16, 31, 62, 70, 75, 48, 88, 14, 1, 42, 75, 2, 69, 96, 58, 66, 29, 1, 51, 93, 14, 33, 52, 36, 84, 12, 52, 53, 86, 6, 71, 78, 37, 4, 43, 6, 52, 2, 101, 29, 43, 47, 30, 7, 37, 65, 72, 65, 65, 100, 52, 55, 4, 80, 90, 64, 69, 36, 11, 49, 41, 59, 103, 54, 5062, 40, 37, 8, 41, 32, 14, 84, 79, 20, 67, 10, 84, 33, 52, 43, 4, 80, 74, 90, 32, 58
48, 77, 70, 36, 102, 88, 94, 99, 13, 50, 34, 49, 35, 74, 58, 25, 29, 8, 44, 95, 99, 23, 105, 22, 42, 85, 102, 11, 69, 5, 45, 12, 81, 92, 47, 77, 74, 12, 70, 63, 38, 103, 89, 72, 49, 41, 96, 77, 25, 12, 44, 18, 34, 20, 17, 52, 104, 13, 62, 68, 17, 84, 79, 97, 70, 102, 68, 15, 90, 9, 77, 22, 7, 60, 71, 32, 77, 38, 85, 5624, 49, 23, 73, 59, 42, 89, 6, 41, 78, 44, 85, 94, 22, 35, 62, 91, 31, 1, 82, 97
9, 54, 13, 97, 90, 60, 23, 39, 98, 3, 93, 18, 25, 60, 77, 44, 43, 59, 61, 15, 102, 40, 85, 19, 74, 18, 86, 81, 18, 63, 72, 27, 93, 61, 100, 54, 16, 18, 69, 90, 20, 57, 2, 21, 11, 55, 41, 31, 8, 101, 22, 5, 35, 84, 105, 3, 101, 62, 60, 14, 101, 26, 17, 88, 87, 11, 14, 79, 5, 82, 63, 1, 33, 64, 104, 21, 14, 39, 28, 103, 4937, 49, 2, 23, 27, 83, 26, 105, 40, 62, 13, 35, 88, 6, 100, 46, 98, 8, 19, 103
66, 81, 80, 76, 16, 78, 73, 6, 94, 100, 4, 105, 20, 87, 22, 24, 65, 24, 23, 81, 86, 12, 92, 45, 17, 86, 90, 91, 70, 85, 88, 31, 60, 40, 83, 52, 12, 50, 58, 105, 44, 38, 81, 40, 101, 103, 63, 60, 103, 62, 12, 83, 73, 104, 22, 66, 61, 88, 52, 26, 67, 11, 33, 103, 50, 10, 50, 62, 36, 84, 38, 79, 98, 14, 95, 93, 93, 53, 25, 90, 9, 5836, 45, 82, 11, 43, 19, 72, 26, 70, 74, 69, 81, 1, 67, 2, 92, 93, 40, 22
48, 78, 77, 40, 68, 66, 27, 55, 95, 28, 16, 104, 41, 60, 57, 51, 103, 52, 99, 105, 17, 67, 68, 74, 44, 29, 75, 7, 98, 10, 5, 40, 64, 58, 79, 26, 19, 83, 57, 90, 87, 72, 88, 22, 27, 16, 50, 1, 68, 43, 105, 61, 87, 67, 6, 2, 73, 80, 91, 42, 66, 95, 82, 1, 48, 32, 26, 43, 91, 59, 27, 73, 26, 92, 94, 29, 84, 15, 29, 23, 35, 28, 5458, 16, 71, 65, 99, 15, 17, 84, 57, 82, 51, 33, 83, 75, 41, 85, 12, 27
39, 15, 99, 64, 1, 64, 69, 62, 79, 97, 84, 90, 101, 39, 105, 43, 103, 75, 58, 96, 31, 91, 73, 58, 100, 27, 27, 35, 6, 15, 38, 21, 29, 31, 61, 7, 72, 24, 68, 22, 15, 23, 6, 92, 38, 87, 30, 13, 33, 64, 3, 63, 49, 75, 15, 43, 78, 41, 54, 84, 32, 92, 81, 61, 99, 37, 67, 65, 60, 6, 63, 52, 5, 68, 38, 43, 26, 44, 55, 59, 2, 57, 16, 5126, 4, 8, 69, 81, 25, 100, 36, 57, 86, 12, 12, 79, 48, 55, 16, 84
37, 78, 30, 41, 18, 68, 83, 43, 6, 9, 101, 8, 43, 94, 34, 46, 101, 80, 103, 20, 74, 11, 53, 31, 104, 41, 86, 46, 72, 101, 1, 3, 51, 31, 21, 68, 98, 103, 87, 80, 89, 60, 64, 26, 48, 75, 71, 20, 49, 45, 16, 99, 55, 69, 24, 53, 4, 4, 75, 76, 82, 76, 78, 27, 1, 75, 71, 75, 50, 29, 49, 33, 88, 90, 58, 7, 59, 105, 26, 2, 21, 42, 77, 76, 5531, 100, 105, 90, 80, 75, 60, 56, 22, 10, 59, 104, 84, 1, 73, 28
30, 98, 37, 94, 82, 94, 101, 35, 70, 21, 13, 91, 39, 89, 61, 43, 83, 37, 28, 35, 6, 64, 90, 4, 73, 21, 2, 29, 21, 51, 33, 27, 44, 70, 16, 102, 35, 11, 32, 105, 8, 21, 90, 47, 5, 22, 66, 64, 58, 70, 98, 41, 29, 60, 44, 78, 57, 23, 83, 54, 73, 11, 81, 93, 80, 96, 90, 9, 83, 98, 90, 90, 13, 74, 8, 99, 72, 74, 58, 2, 38, 27, 42, 66, 63, 5437, 16, 96, 84, 98, 45, 29, 3, 20, 16, 59, 92, 105, 68, 69
97, 52, 30, 87, 103, 38, 80, 69, 6, 9, 47, 43, 13, 88, 86, 52, 22, 101, 43, 82, 93, 87, 5, 96, 83, 21, 26, 69, 102, 93, 32, 71, 17, 61, 52, 96, 75, 26, 36, 80, 12, 83, 100, 24, 42, 80, 75, 63, 75, 12, 17, 39, 75, 21, 6, 52, 18, 32, 15, 97, 101, 23, 62, 12, 61, 8, 84, 30, 10, 15, 87, 103, 97, 81, 21, 33, 55, 73, 73, 1, 84, 89, 16, 31, 86, 22, 5475, 81, 30, 74, 72, 25, 96, 28, 14, 28, 12, 97, 35, 103
88, 16, 101, 79, 96, 98, 89, 22, 65, 56, 104, 21, 16, 14, 51, 101, 12, 4, 53, 18, 77, 19, 20, 45, 23, 33, 72, 11, 1, 1, 9, 89, 16, 86, 62, 88, 55, 22, 4, 15, 54, 84, 12, 69, 75, 39, 42, 63, 42, 94, 81, 14, 8, 100, 58, 7, 4, 24, 18, 4, 2, 3, 69, 17, 65, 3, 82, 14, 24, 85, 5, 78, 41, 98, 41, 10, 31, 59, 49, 73, 48, 1, 86, 32, 100, 15, 38, 4528, 38, 32, 84, 16, 11, 47, 33, 75, 26, 9, 66, 50
70, 70, 22, 87, 40, 39, 73, 70, 75, 17, 37, 17, 17, 99, 25, 94, 8, 39, 68, 23, 71, 23, 38, 81, 47, 70, 28, 72, 55, 93, 16, 102, 34, 14, 83, 73, 30, 51, 38, 104, 67, 51, 97, 60, 45, 98, 48, 52, 31, 11, 74, 78, 10, 7, 31, 56, 53, 58, 23, 85, 45, 15, 81, 55, 29, 58, 105, 35, 3, 37, 10, 46, 64, 1, 1, 3, 98, 25, 32, 105, 12, 105, 78, 22, 88, 3, 77, 36, 5103, 76, 97, 81, 91, 72, 7, 96, 24, 6, 25, 4
19, 34, 26, 83, 11, 3, 85, 85, 5, 93, 84, 16, 93, 56, 37, 52, 58, 91, 64, 94, 61, 55, 46, 23, 21, 53, 95, 22, 58, 14, 2, 77, 24, 27, 54, 11, 7, 10, 95, 11, 103, 51, 26, 67, 1, 40, 13, 36, 2, 54, 1, 39, 3, 47, 62, 24, 99, 51, 22, 51, 42, 23, 104, 42, 26, 29, 30, 32, 39, 101, 19, 13, 46, 22, 79, 24, 61, 68, 36, 62, 16, 36, 100, 101, 59, 33, 101, 29, 61, 4687, 57, 79, 16, 55, 15, 41, 84, 44, 50, 99
17, 45, 6, 62, 66, 61, 85, 21, 105, 97, 59, 16, 28, 31, 93, 63, 63, 88, 92, 18, 104, 43, 96, 14, 97, 88, 31, 52, 3, 57, 45, 19, 102, 27, 58, 62, 87, 14, 60, 87, 6, 13, 79, 10, 20, 66, 72, 83, 25, 58, 77, 23, 100, 45, 13, 69, 4, 43, 15, 88, 100, 60, 84, 73, 86, 36, 29, 45, 49, 65, 3, 54, 55, 58, 63, 74, 100, 7, 28, 19, 64, 105, 41, 36, 21, 30, 104, 1, 72, 95, 5222, 43, 26, 66, 10, 7, 78, 16, 28, 22
80, 30, 52, 29, 64, 92, 80, 58, 98, 2, 76, 33, 83, 93, 68, 103, 17, 43, 80, 65, 33, 40, 85, 35, 105, 94, 41, 78, 86, 45, 76, 38, 51, 22, 43, 9, 8, 17, 66, 82, 19, 13, 10, 101, 105, 54, 76, 98, 74, 50, 58, 1, 66, 37, 12, 66, 2, 53, 15, 65, 74, 90, 102, 20, 88, 16, 28, 96, 33, 71, 49, 51, 83, 58, 23, 60, 7, 98, 29, 80, 20, 63, 57, 85, 99, 68, 22, 78, 97, 13, 14, 5631, 102, 92, 62, 62, 2, 89, 29, 34
54, 77, 61, 32, 30, 61, 68, 13, 30, 96, 69, 49, 54, 102, 6, 24, 41, 4, 78, 33, 17, 91, 75, 95, 77, 31, 28, 56, 96, 56, 66, 45, 28, 22, 53, 57, 82, 97, 46, 6, 87, 9, 32, 12, 87, 14, 36, 22, 99, 90, 31, 92, 76, 105, 59, 24, 7, 86, 56, 80, 37, 17, 19, 64, 15, 48, 97, 73, 16, 14, 55, 102, 104, 86, 91, 85, 76, 21, 1, 47, 5, 32, 33, 57, 8, 91, 58, 97, 49, 8, 71, 85, 5124, 66, 20, 15, 8, 11, 87, 23
24, 37, 101, 104, 99, 86, 83, 47, 83, 83, 93, 65, 91, 102, 16, 76, 88, 50, 67, 31, 35, 32, 92, 35, 97, 6, 50, 81, 98, 8, 80, 98, 44, 75, 96, 15, 33, 73, 61, 10, 27, 48, 74, 13, 21, 67, 88, 85, 93, 26, 92, 22, 57, 78, 57, 25, 83, 83, 105, 75, 90, 79, 67, 29, 25, 34, 20, 57, 1, 80, 44, 28, 104, 12, 17, 19, 55, 81, 104, 43, 1, 90, 64, 57, 40, 97, 81, 99, 74, 57, 69, 59, 30, 5971, 64, 54, 41, 83, 88, 18
34, 26, 45, 32, 14, 38, 27, 69, 13, 2, 88, 13, 92, 46, 46, 3, 15, 103, 101, 88, 54, 41, 18, 60, 48, 58, 91, 65, 35, 73, 59, 45, 75, 81, 76, 88, 13, 80, 28, 3, 81, 10, 97, 44, 33, 38, 46, 47, 12, 42, 6, 43, 82, 24, 79, 1, 81, 64, 42, 93, 8, 101, 32, 82, 76, 85, 42, 88, 59, 69, 67, 34, 56, 59, 78, 88, 73, 18, 29, 61, 59, 34, 103, 13, 34, 77, 13, 10, 12, 55, 79, 20, 50, 5, 5156, 102, 89, 14, 61, 42
60, 23, 53, 10, 81, 25, 97, 48, 19, 102, 3, 55, 7, 83, 67, 41, 31, 56, 27, 42, 5, 105, 61, 31, 4, 11, 27, 70, 24, 88, 88, 83, 87, 35, 69, 62, 36, 60, 86, 32, 33, 65, 86, 40, 19, 24, 80, 49, 79, 83, 91, 61, 82, 23, 68, 62, 33, 72, 3, 57, 31, 91, 11, 12, 20, 80, 73, 33, 11, 30, 64, 44, 71, 44, 83, 90, 44, 34, 33, 99, 11, 18, 31, 69, 41, 99, 2, 73, 65, 5, 1, 72, 95, 94, 83, 5140, 68, 27, 18, 55
56, 58, 98, 21, 78, 75, 5, 16, 85, 15, 92, 72, 32, 17, 35, 49, 10, 37, 99, 51, 18, 76, 17, 7, 64, 76, 74, 3, 102, 69, 58, 29, 21, 50, 50, 99, 102, 31, 91, 81, 22, 77, 48, 31, 94, 59, 79, 80, 72, 49, 3, 89, 20, 101, 72, 83, 72, 41, 86, 45, 4, 38, 74, 1, 64, 100, 76, 60, 2, 62, 13, 24, 10, 37, 54, 80, 95, 4, 55, 62, 53, 34, 22, 49, 29, 94, 3, 77, 6, 88, 17, 91, 102, 90, 91, 38, 5470, 62, 97, 62
100, 4, 85, 86, 40, 10, 61, 7, 96, 92, 45, 43, 20, 66, 68, 25, 31, 70, 102, 36, 30, 13, 21, 3, 79, 89, 40, 34, 22, 32, 72, 98, 12, 29, 78, 29, 38, 10, 35, 28, 101, 56, 47, 97, 16, 9, 99, 47, 56, 95, 59, 85, 84, 57, 64, 34, 40, 104, 44, 61, 7, 10, 30, 18, 38, 2, 23, 76, 12, 34, 80, 89, 89, 104, 58, 105, 7, 51, 23, 39, 17, 58, 100, 100, 9, 59, 5, 25, 57, 48, 62, 63, 57, 91, 57, 95, 93, 5214, 42, 81
90, 98, 41, 74, 96, 75, 73, 80, 20, 72, 13, 13, 24, 8, 7, 10, 66, 93, 34, 99, 35, 96, 33, 92, 58, 66, 58, 45, 17, 99, 102, 2, 91, 15, 75, 59, 89, 19, 33, 4, 67, 45, 98, 67, 29, 105, 76, 71, 69, 87, 64, 104, 54, 73, 90, 6, 34, 42, 28, 27, 12, 1, 28, 79, 15, 79, 32, 104, 74, 64, 84, 35, 86, 76, 102, 9, 52, 49, 80, 16, 30, 15, 14, 83, 88, 80, 66, 98, 98, 93, 19, 86, 93, 24, 59, 3, 102, 68, 5789, 71
3, 61, 82, 88, 8, 78, 97, 60, 22, 48, 52, 28, 39, 65, 88, 21, 16, 48, 95, 8, 12, 91, 93, 104, 9, 23, 83, 87, 90, 60, 29, 93, 97, 6, 52, 82, 60, 20, 36, 81, 67, 64, 86, 1, 105, 68, 103, 15, 92, 70, 104, 103, 55, 91, 101, 63, 90, 56, 44, 52, 92, 50, 16, 61, 55, 67, 37, 9, 87, 49, 67, 25, 7, 47, 2, 6, 91, 105, 102, 77, 69, 100, 74, 100, 62, 46, 57, 46, 101, 77, 74, 88, 21, 89, 20, 75, 28, 56, 61, 5976
299730, 246962, 261438, 310855, 254829, 230814, 194223, 244363, 245515, 135821, 414062, 182879, 164180, 210618, 242171, 292849, 253860, 251586, 150166, 202009, 257066, 195394, 292265, 375531, 350252, 411931, 255881, 376843, 389952, 179772, 441298, 169533, 294232, 166241, 316886, 371700, 224688, 344265, 390709, 292119, 299063, 387010, 271636, 302451, 390083, 306755, 400912, 204701, 384881, 398579, 198416, 184959, 399011, 325152, 422572, 303926, 240194, 176539, 255504, 425382, 241843, 234117, 169377, 413759, 181537, 225938, 256499, 235735, 421266, 223119, 378541, 200401, 304750, 205041, 405901, 302717, 316443, 246531, 279934, 264077, 171987, 299579, 278995, 403405, 172865, 190403, 217692, 210116, 206848, 256795, 226191, 320083, 306245, 207322, 189145, 325571, 236322, 304292, 443527, 221055
